2 5 580 6
310 5000
310 5000
310 5000
310 5000
310 5000
310 5000
  1 -99 -97 0   6 1 5 1 2 4 8 16
  2 -59  50 0  72 1 5 1 2 4 8 16
  3   0  14 0  93 1 5 1 2 4 8 16
  4 -17 -66 0  28 1 5 1 2 4 8 16
  5 -69 -19 0   5 1 5 1 2 4 8 16
  6  31  12 0  43 1 5 1 2 4 8 16
  7   5 -41 0   1 1 5 1 2 4 8 16
  8 -12  10 0  36 1 5 1 2 4 8 16
  9 -64  70 0  53 1 5 1 2 4 8 16
 10 -12  85 0  63 1 5 1 2 4 8 16
 11 -18  64 0  25 1 5 1 2 4 8 16
 12 -77 -16 0  50 1 5 1 2 4 8 16
 13 -53  88 0  57 1 5 1 2 4 8 16
 14  83 -24 0   1 1 5 1 2 4 8 16
 15  24  41 0  66 1 5 1 2 4 8 16
 16  17  21 0  37 1 5 1 2 4 8 16
 17  42  96 0  51 1 5 1 2 4 8 16
 18 -65   0 0  47 1 5 1 2 4 8 16
 19 -47 -26 0  88 1 5 1 2 4 8 16
 20  85  36 0  75 1 5 1 2 4 8 16
 21 -35 -54 0  48 1 5 1 2 4 8 16
 22  54 -21 0  40 1 5 1 2 4 8 16
 23  64 -17 0   8 1 5 1 2 4 8 16
 24  55  89 0  69 1 5 1 2 4 8 16
 25  17 -25 0  93 1 5 1 2 4 8 16
 26 -61  66 0  29 1 5 1 2 4 8 16
 27 -61  26 0   5 1 5 1 2 4 8 16
 28  17 -72 0  53 1 5 1 2 4 8 16
 29  79  38 0   8 1 5 1 2 4 8 16
 30 -62  -2 0  24 1 5 1 2 4 8 16
 31 -90 -68 0  53 1 5 1 2 4 8 16
 32  52  66 0  13 1 5 1 2 4 8 16
 33 -54 -50 0  47 1 5 1 2 4 8 16
 34   8 -84 0  57 1 5 1 2 4 8 16
 35  37 -90 0   9 1 5 1 2 4 8 16
 36 -83  49 0  74 1 5 1 2 4 8 16
 37  35  -1 0  83 1 5 1 2 4 8 16
 38   7  59 0  96 1 5 1 2 4 8 16
 39  12  48 0  42 1 5 1 2 4 8 16
 40  57  95 0  80 1 5 1 2 4 8 16
 41  92  28 0  22 1 5 1 2 4 8 16
 42  -3  97 0  56 1 5 1 2 4 8 16
 43  -7  52 0  43 1 5 1 2 4 8 16
 44  42 -15 0  12 1 5 1 2 4 8 16
 45  77 -43 0  73 1 5 1 2 4 8 16
 46  59 -49 0  32 1 5 1 2 4 8 16
 47  25  91 0   8 1 5 1 2 4 8 16
 48  69 -19 0  79 1 5 1 2 4 8 16
 49 -82 -14 0  79 1 5 1 2 4 8 16
 50  74 -70 0   4 1 5 1 2 4 8 16
 51  69  59 0  14 1 5 1 2 4 8 16
 52  29  33 0  17 1 5 1 2 4 8 16
 53 -97   9 0  19 1 5 1 2 4 8 16
 54 -58   9 0  44 1 5 1 2 4 8 16
 55  28  93 0   5 1 5 1 2 4 8 16
 56   7  73 0  37 1 5 1 2 4 8 16
 57 -28  73 0 100 1 5 1 2 4 8 16
 58 -76  55 0  62 1 5 1 2 4 8 16
 59  41  42 0  90 1 5 1 2 4 8 16
 60  92  40 0  57 1 5 1 2 4 8 16
 61 -84 -29 0  44 1 5 1 2 4 8 16
 62 -12  42 0  37 1 5 1 2 4 8 16
 63  51 -45 0  80 1 5 1 2 4 8 16
 64 -37  46 0  60 1 5 1 2 4 8 16
 65 -97  35 0  95 1 5 1 2 4 8 16
 66  14  89 0  56 1 5 1 2 4 8 16
 67  60  58 0  56 1 5 1 2 4 8 16
 68 -63 -75 0   9 1 5 1 2 4 8 16
 69 -18  34 0  39 1 5 1 2 4 8 16
 70 -46 -82 0  15 1 5 1 2 4 8 16
 71 -86 -79 0   4 1 5 1 2 4 8 16
 72 -43 -30 0  58 1 5 1 2 4 8 16
 73 -44   7 0  73 1 5 1 2 4 8 16
 74  -3 -20 0   5 1 5 1 2 4 8 16
 75  36  41 0  12 1 5 1 2 4 8 16
 76 -30 -94 0   3 1 5 1 2 4 8 16
 77  79 -62 0   8 1 5 1 2 4 8 16
 78  51  70 0  31 1 5 1 2 4 8 16
 79 -61 -26 0  48 1 5 1 2 4 8 16
 80   6  94 0   3 1 5 1 2 4 8 16
 81 -19 -62 0  52 1 5 1 2 4 8 16
 82 -20  51 0  99 1 5 1 2 4 8 16
 83 -81  37 0  29 1 5 1 2 4 8 16
 84   7  31 0  12 1 5 1 2 4 8 16
 85  52  12 0  50 1 5 1 2 4 8 16
 86  83 -91 0  98 1 5 1 2 4 8 16
 87  -7 -92 0   4 1 5 1 2 4 8 16
 88  82 -74 0  56 1 5 1 2 4 8 16
 89 -70  85 0  24 1 5 1 2 4 8 16
 90 -83 -30 0  33 1 5 1 2 4 8 16
 91  71 -61 0  45 1 5 1 2 4 8 16
 92  85  11 0  98 1 5 1 2 4 8 16
 93  66 -48 0   4 1 5 1 2 4 8 16
 94  78 -87 0  36 1 5 1 2 4 8 16
 95   9 -79 0  72 1 5 1 2 4 8 16
 96 -36   4 0  26 1 5 1 2 4 8 16
 97  66  39 0  71 1 5 1 2 4 8 16
 98  92 -17 0  84 1 5 1 2 4 8 16
 99 -46 -79 0  21 1 5 1 2 4 8 16
100 -30 -63 0  99 1 5 1 2 4 8 16
101 -42  63 0  33 1 5 1 2 4 8 16
102  20  42 0  84 1 5 1 2 4 8 16
103  15  98 0  74 1 5 1 2 4 8 16
104   1 -17 0  93 1 5 1 2 4 8 16
105  64  20 0  25 1 5 1 2 4 8 16
106 -96  85 0  39 1 5 1 2 4 8 16
107  93 -29 0  42 1 5 1 2 4 8 16
108 -40 -84 0  77 1 5 1 2 4 8 16
109  86  35 0  68 1 5 1 2 4 8 16
110  91  36 0  50 1 5 1 2 4 8 16
111  62  -8 0  42 1 5 1 2 4 8 16
112 -24   4 0  71 1 5 1 2 4 8 16
113  11  96 0  85 1 5 1 2 4 8 16
114 -53  62 0  78 1 5 1 2 4 8 16
115 -28 -71 0  64 1 5 1 2 4 8 16
116   7  -4 0   5 1 5 1 2 4 8 16
117  95  -9 0  93 1 5 1 2 4 8 16
118  -3  17 0  18 1 5 1 2 4 8 16
119  53 -90 0  38 1 5 1 2 4 8 16
120  58 -19 0  29 1 5 1 2 4 8 16
121 -83  84 0  81 1 5 1 2 4 8 16
122  -1  49 0   4 1 5 1 2 4 8 16
123  -4  17 0  23 1 5 1 2 4 8 16
124 -82  -3 0  11 1 5 1 2 4 8 16
125 -43  47 0  86 1 5 1 2 4 8 16
126   6  -6 0   2 1 5 1 2 4 8 16
127  70  99 0  31 1 5 1 2 4 8 16
128  68 -29 0  54 1 5 1 2 4 8 16
129 -94 -30 0  87 1 5 1 2 4 8 16
130 -94 -20 0  17 1 5 1 2 4 8 16
131 -21  77 0  81 1 5 1 2 4 8 16
132  64  37 0  72 1 5 1 2 4 8 16
133 -70 -19 0  10 1 5 1 2 4 8 16
134  88  65 0  50 1 5 1 2 4 8 16
135   2  29 0  25 1 5 1 2 4 8 16
136  33  57 0  71 1 5 1 2 4 8 16
137 -70   6 0  85 1 5 1 2 4 8 16
138 -38 -56 0  51 1 5 1 2 4 8 16
139 -80 -95 0  29 1 5 1 2 4 8 16
140  -5 -39 0  55 1 5 1 2 4 8 16
141   8 -22 0  45 1 5 1 2 4 8 16
142 -61 -76 0 100 1 5 1 2 4 8 16
143  76 -22 0  38 1 5 1 2 4 8 16
144  49 -71 0  11 1 5 1 2 4 8 16
145 -30 -68 0  82 1 5 1 2 4 8 16
146   1  34 0  50 1 5 1 2 4 8 16
147  77  79 0  39 1 5 1 2 4 8 16
148 -58  64 0   6 1 5 1 2 4 8 16
149  82 -97 0  87 1 5 1 2 4 8 16
150 -80  55 0  83 1 5 1 2 4 8 16
151  81 -86 0  22 1 5 1 2 4 8 16
152  39 -49 0  24 1 5 1 2 4 8 16
153 -67  72 0  69 1 5 1 2 4 8 16
154 -25 -89 0  97 1 5 1 2 4 8 16
155 -44 -95 0  65 1 5 1 2 4 8 16
156  32 -68 0  97 1 5 1 2 4 8 16
157 -17  49 0  79 1 5 1 2 4 8 16
158  93  49 0  79 1 5 1 2 4 8 16
159  99  81 0  46 1 5 1 2 4 8 16
160  10 -49 0  52 1 5 1 2 4 8 16
161  63 -41 0  39 1 5 1 2 4 8 16
162  38  39 0  94 1 5 1 2 4 8 16
163 -28  39 0  97 1 5 1 2 4 8 16
164  -2 -47 0  18 1 5 1 2 4 8 16
165  38   8 0   3 1 5 1 2 4 8 16
166 -42  -6 0  23 1 5 1 2 4 8 16
167 -67  88 0  19 1 5 1 2 4 8 16
168  19  93 0  40 1 5 1 2 4 8 16
169  40  27 0  49 1 5 1 2 4 8 16
170 -61  56 0  96 1 5 1 2 4 8 16
171  43  33 0  58 1 5 1 2 4 8 16
172 -18 -39 0  15 1 5 1 2 4 8 16
173 -69  19 0  21 1 5 1 2 4 8 16
174  75 -18 0  56 1 5 1 2 4 8 16
175  31  85 0  67 1 5 1 2 4 8 16
176  25  58 0  10 1 5 1 2 4 8 16
177 -16  36 0  36 1 5 1 2 4 8 16
178  91  15 0  84 1 5 1 2 4 8 16
179  60 -39 0  59 1 5 1 2 4 8 16
180  49 -47 0  85 1 5 1 2 4 8 16
181  42  33 0  60 1 5 1 2 4 8 16
182  16 -81 0  33 1 5 1 2 4 8 16
183 -78  53 0  62 1 5 1 2 4 8 16
184  53 -80 0  70 1 5 1 2 4 8 16
185 -46 -26 0  79 1 5 1 2 4 8 16
186 -25 -54 0  98 1 5 1 2 4 8 16
187  69 -46 0  99 1 5 1 2 4 8 16
188   0 -78 0  18 1 5 1 2 4 8 16
189 -84  74 0  55 1 5 1 2 4 8 16
190 -16  16 0  75 1 5 1 2 4 8 16
191 -63 -14 0  94 1 5 1 2 4 8 16
192  51 -77 0  89 1 5 1 2 4 8 16
193 -39  61 0  13 1 5 1 2 4 8 16
194   5  97 0  19 1 5 1 2 4 8 16
195 -55  39 0  19 1 5 1 2 4 8 16
196  70 -14 0  90 1 5 1 2 4 8 16
197   0  95 0  35 1 5 1 2 4 8 16
198 -45   7 0  76 1 5 1 2 4 8 16
199  38 -24 0   3 1 5 1 2 4 8 16
200  50 -37 0  11 1 5 1 2 4 8 16
201  59  71 0  98 1 5 1 2 4 8 16
202 -73 -96 0  92 1 5 1 2 4 8 16
203 -29  72 0   1 1 5 1 2 4 8 16
204 -47  12 0   2 1 5 1 2 4 8 16
205 -88 -61 0  63 1 5 1 2 4 8 16
206 -88  36 0  57 1 5 1 2 4 8 16
207 -46  -3 0  50 1 5 1 2 4 8 16
208  26 -37 0  19 1 5 1 2 4 8 16
209 -39 -67 0  24 1 5 1 2 4 8 16
210  92  27 0  14 1 5 1 2 4 8 16
211 -80 -31 0  18 1 5 1 2 4 8 16
212  93 -50 0  77 1 5 1 2 4 8 16
213 -20  -5 0  28 1 5 1 2 4 8 16
214 -22  73 0  72 1 5 1 2 4 8 16
215  -4  -7 0  49 1 5 1 2 4 8 16
216  54 -48 0  58 1 5 1 2 4 8 16
217 -70  39 0  84 1 5 1 2 4 8 16
218  54 -82 0  58 1 5 1 2 4 8 16
219  29  41 0  41 1 5 1 2 4 8 16
220 -87  51 0  98 1 5 1 2 4 8 16
221 -96 -36 0  77 1 5 1 2 4 8 16
222  49   8 0  57 1 5 1 2 4 8 16
223  -5  54 0  39 1 5 1 2 4 8 16
224 -26  43 0  99 1 5 1 2 4 8 16
225 -11  60 0  83 1 5 1 2 4 8 16
226  40  61 0  54 1 5 1 2 4 8 16
227  82  35 0  86 1 5 1 2 4 8 16
228 -92  12 0   2 1 5 1 2 4 8 16
229 -93 -86 0  14 1 5 1 2 4 8 16
230 -66  63 0  42 1 5 1 2 4 8 16
231 -72 -87 0  14 1 5 1 2 4 8 16
232 -57 -84 0  55 1 5 1 2 4 8 16
233  23  52 0   2 1 5 1 2 4 8 16
234 -56 -62 0  18 1 5 1 2 4 8 16
235 -19  59 0  17 1 5 1 2 4 8 16
236  63 -14 0  22 1 5 1 2 4 8 16
237 -13  38 0  28 1 5 1 2 4 8 16
238 -19  87 0   3 1 5 1 2 4 8 16
239  44 -84 0  96 1 5 1 2 4 8 16
240  98 -17 0  53 1 5 1 2 4 8 16
241 -16  62 0  15 1 5 1 2 4 8 16
242   3  66 0  36 1 5 1 2 4 8 16
243  26  22 0  98 1 5 1 2 4 8 16
244 -38 -81 0  78 1 5 1 2 4 8 16
245  70 -80 0  92 1 5 1 2 4 8 16
246  17 -35 0  65 1 5 1 2 4 8 16
247  96 -83 0  64 1 5 1 2 4 8 16
248 -77  80 0  43 1 5 1 2 4 8 16
249 -14  44 0  50 1 5 1 2 4 8 16
250	-9	84	0	41	1	2	1	2
251	-97	1	0	90	1	2	1	2
252	99	14	0	18	1	2	1	2
253	12	88	0	45	1	2	1	2
254	-7	50	0	43	1	2	1	2
255	96	7	0	89	1	2	1	2
256	-78	80	0	59	1	2	1	2
257	41	-41	0	3	1	2	1	2
258	-22	64	0	34	1	2	1	2
259	53	-1	0	30	1	2	1	2
260	80	10	0	59	1	2	1	2
261	37	-96	0	22	1	2	1	2
262	-64	91	0	52	1	2	1	2
263	71	-80	0	77	1	2	1	2
264	-82	32	0	52	1	2	1	2
265	81	-66	0	73	1	2	1	2
266	70	-90	0	6	1	2	1	2
267	-4	78	0	59	1	2	1	2
268	-41	-58	0	13	1	2	1	2
269	-22	-62	0	69	1	2	1	2
270	-94	-65	0	76	1	2	1	2
271	25	50	0	76	1	2	1	2
272	-68	72	0	27	1	2	1	2
273	36	14	0	37	1	2	1	2
274	28	-28	0	24	1	2	1	2
275	-100	86	0	23	1	2	1	2
276	57	76	0	48	1	2	1	2
277	-75	-94	0	74	1	2	1	2
278	53	-32	0	94	1	2	1	2
279	19	-80	0	56	1	2	1	2
280	9	58	0	56	1	2	1	2
281	-53	8	0	39	1	2	1	2
282	20	-44	0	57	1	2	1	2
283	-56	36	0	27	1	2	1	2
284	-84	67	0	12	1	2	1	2
285	-87	5	0	78	1	2	1	2
286	28	33	0	61	1	2	1	2
287	84	-43	0	23	1	2	1	2
288	98	16	0	57	1	2	1	2
289	65	-16	0	61	1	2	1	2
290	15	57	0	29	1	2	1	2
291	26	-81	0	45	1	2	1	2
292	-60	-96	0	44	1	2	1	2
293	-47	77	0	29	1	2	1	2
294	47	-65	0	98	1	2	1	2
295	-16	98	0	97	1	2	1	2
296	-77	-33	0	80	1	2	1	2
297	33	90	0	84	1	2	1	2
298	79	22	0	5	1	2	1	2
299	-51	-33	0	94	1	2	1	2
300	20	-34	0	15	1	2	1	2
301	-58	70	0	66	1	2	1	2
302	78	-48	0	58	1	2	1	2
303	40	-63	0	33	1	2	1	2
304	89	-47	0	22	1	2	1	2
305	82	57	0	28	1	2	1	2
306	-95	-47	0	61	1	2	1	2
307	-6	87	0	81	1	2	1	2
308	-48	5	0	18	1	2	1	2
309	94	-56	0	48	1	2	1	2
310	-53	84	0	50	1	2	1	2
311	-12	-8	0	13	1	2	1	2
312	-45	71	0	69	1	2	1	2
313	-30	-26	0	8	1	2	1	2
314	81	62	0	7	1	2	1	2
315	31	96	0	33	1	2	1	2
316	-9	-69	0	31	1	2	1	2
317	-59	31	0	64	1	2	1	2
318	66	-68	0	44	1	2	1	2
319	20	-59	0	82	1	2	1	2
320	-51	-80	0	76	1	2	1	2
321	88	-90	0	63	1	2	1	2
322	88	-25	0	85	1	2	1	2
323	60	26	0	7	1	2	1	2
324	-97	-30	0	24	1	2	1	2
325	-78	71	0	20	1	2	1	2
326	82	-62	0	74	1	2	1	2
327	39	2	0	43	1	2	1	2
328	68	65	0	0	1	2	1	2
329	92	64	0	6	1	2	1	2
330	75	85	0	96	1	2	1	2
331	62	99	0	37	1	2	1	2
332	-82	65	0	40	1	2	1	2
333	-78	-13	0	73	1	2	1	2
334	-89	-76	0	0	1	2	1	2
335	-26	-14	0	25	1	2	1	2
336	-85	-77	0	91	1	2	1	2
337	-30	20	0	99	1	2	1	2
338	8	37	0	54	1	2	1	2
339	-19	87	0	87	1	2	1	2
340	49	85	0	41	1	2	1	2
341	-45	73	0	78	1	2	1	2
342	-74	72	0	15	1	2	1	2
343	10	-96	0	37	1	2	1	2
344	21	78	0	18	1	2	1	2
345	32	-88	0	79	1	2	1	2
346	30	23	0	77	1	2	1	2
347	-80	-32	0	89	1	2	1	2
348	-47	53	0	1	1	2	1	2
349	27	31	0	94	1	2	1	2
350	-98	17	0	73	1	2	1	2
351	-80	75	0	7	1	2	1	2
352	-81	10	0	44	1	2	1	2
353	-73	49	0	29	1	2	1	2
354	81	17	0	30	1	2	1	2
355	-42	16	0	95	1	2	1	2
356	-45	-73	0	81	1	2	1	2
357	-52	-27	0	55	1	2	1	2
358	95	-47	0	5	1	2	1	2
359	65	43	0	55	1	2	1	2
360	20	28	0	82	1	2	1	2
361	68	9	0	100	1	2	1	2
362	35	-77	0	47	1	2	1	2
363	4	-23	0	93	1	2	1	2
364	56	-1	0	59	1	2	1	2
365	-69	-88	0	45	1	2	1	2
366	38	-89	0	88	1	2	1	2
367	-77	-61	0	68	1	2	1	2
368	-83	-60	0	80	1	2	1	2
369	-32	54	0	32	1	2	1	2
370	64	-13	0	24	1	2	1	2
371	54	67	0	43	1	2	1	2
372	-12	-6	0	75	1	2	1	2
373	34	15	0	95	1	2	1	2
374	-20	47	0	67	1	2	1	2
375	-100	-76	0	74	1	2	1	2
376	-37	-27	0	67	1	2	1	2
377	76	-28	0	53	1	2	1	2
378	-73	38	0	12	1	2	1	2
379	-72	-7	0	10	1	2	1	2
380	-46	62	0	31	1	2	1	2
381	-92	77	0	44	1	2	1	2
382	-68	-76	0	51	1	2	1	2
383	30	-34	0	19	1	2	1	2
384	32	-43	0	74	1	2	1	2
385	99	53	0	31	1	2	1	2
386	84	2	0	38	1	2	1	2
387	-67	15	0	21	1	2	1	2
388	57	-50	0	10	1	2	1	2
389	-38	31	0	40	1	2	1	2
390	62	59	0	18	1	2	1	2
391	-59	38	0	47	1	2	1	2
392	-79	46	0	36	1	2	1	2
393	64	-31	0	67	1	2	1	2
394	34	-13	0	96	1	2	1	2
395	41	-3	0	92	1	2	1	2
396	-74	4	0	25	1	2	1	2
397	95	76	0	18	1	2	1	2
398	-27	-87	0	74	1	2	1	2
399	-56	-77	0	69	1	2	1	2
400	53	-79	0	8	1	2	1	2
401	12	-93	0	42	1	2	1	2
402	80	-53	0	19	1	2	1	2
403	30	-76	0	69	1	2	1	2
404	85	-27	0	95	1	2	1	2
405	14	49	0	32	1	2	1	2
406	63	23	0	10	1	2	1	2
407	-16	4	0	80	1	2	1	2
408	36	2	0	83	1	2	1	2
409	25	24	0	60	1	2	1	2
410	-31	-37	0	19	1	2	1	2
411	87	100	0	97	1	2	1	2
412	75	20	0	47	1	2	1	2
413	-37	-29	0	97	1	2	1	2
414	-74	78	0	85	1	2	1	2
415	22	75	0	62	1	2	1	2
416	39	69	0	61	1	2	1	2
417	87	22	0	25	1	2	1	2
418	-62	32	0	1	1	2	1	2
419	-77	-5	0	76	1	2	1	2
420	14	86	0	75	1	2	1	2
421	-77	66	0	84	1	2	1	2
422	-1	72	0	25	1	2	1	2
423	-39	-46	0	22	1	2	1	2
424	-24	-18	0	14	1	2	1	2
425	68	25	0	15	1	2	1	2
426	-88	-6	0	57	1	2	1	2
427	-35	-16	0	8	1	2	1	2
428	82	1	0	57	1	2	1	2
429	52	-24	0	63	1	2	1	2
430	-84	82	0	57	1	2	1	2
431	-72	-51	0	71	1	2	1	2
432	7	66	0	21	1	2	1	2
433	34	99	0	18	1	2	1	2
434	-73	-55	0	60	1	2	1	2
435	-53	-16	0	63	1	2	1	2
436	21	62	0	12	1	2	1	2
437	-67	-9	0	58	1	2	1	2
438	-100	34	0	5	1	2	1	2
439	-19	-53	0	80	1	2	1	2
440	-44	-60	0	93	1	2	1	2
441	-78	80	0	34	1	2	1	2
442	76	62	0	76	1	2	1	2
443	91	-19	0	72	1	2	1	2
444	-41	-27	0	21	1	2	1	2
445	19	24	0	82	1	2	1	2
446	52	-9	0	23	1	2	1	2
447	-24	-19	0	86	1	2	1	2
448	-13	-20	0	25	1	2	1	2
449	-66	-3	0	11	1	2	1	2
450	52	-89	0	6	1	2	1	2
451	-38	-78	0	34	1	2	1	2
452	10	4	0	47	1	2	1	2
453	59	-32	0	5	1	2	1	2
454	-37	-63	0	28	1	2	1	2
455	-4	68	0	34	1	2	1	2
456	78	34	0	90	1	2	1	2
457	-97	-47	0	80	1	2	1	2
458	61	-22	0	86	1	2	1	2
459	-19	38	0	24	1	2	1	2
460	-41	89	0	77	1	2	1	2
461	7	-27	0	87	1	2	1	2
462	80	-47	0	50	1	2	1	2
463	-100	79	0	54	1	2	1	2
464	-61	-6	0	19	1	2	1	2
465	-37	-28	0	40	1	2	1	2
466	-59	-10	0	69	1	2	1	2
467	-29	3	0	73	1	2	1	2
468	62	11	0	67	1	2	1	2
469	-35	80	0	1	1	2	1	2
470	-77	47	0	5	1	2	1	2
471	-39	-1	0	70	1	2	1	2
472	-10	78	0	10	1	2	1	2
473	-9	94	0	11	1	2	1	2
474	81	83	0	73	1	2	1	2
475	-77	-25	0	94	1	2	1	2
476	-35	26	0	71	1	2	1	2
477	63	-18	0	30	1	2	1	2
478	34	-53	0	28	1	2	1	2
479	-69	81	0	56	1	2	1	2
480	67	8	0	44	1	2	1	2
481	86	25	0	5	1	2	1	2
482	24	37	0	44	1	2	1	2
483	93	99	0	42	1	2	1	2
484	-72	58	0	72	1	2	1	2
485	88	-6	0	66	1	2	1	2
486	39	-23	0	46	1	2	1	2
487	-79	-8	0	97	1	2	1	2
488	75	47	0	47	1	2	1	2
489	-75	87	0	85	1	2	1	2
490	-67	89	0	44	1	2	1	2
491	-49	-50	0	60	1	2	1	2
492	62	-63	0	50	1	2	1	2
493	-16	-24	0	85	1	2	1	2
494	-29	23	0	91	1	2	1	2
495	-27	96	0	95	1	2	1	2
496	-18	-21	0	29	1	2	1	2
497	37	-51	0	45	1	2	1	2
498	16	-53	0	94	1	2	1	2
499	-32	-74	0	39	1	2	1	2
500	88	-46	0	53	1	2	1	2
501	62	-40	0	61	1	2	1	2
502	93	-8	0	91	1	2	1	2
503	53	97	0	76	1	2	1	2
504	9	-67	0	97	1	2	1	2
505	-82	94	0	31	1	2	1	2
506	-27	13	0	4	1	2	1	2
507	22	66	0	75	1	2	1	2
508	92	57	0	37	1	2	1	2
509	84	51	0	12	1	2	1	2
510	18	-9	0	23	1	2	1	2
511	-73	46	0	2	1	2	1	2
512	34	30	0	24	1	2	1	2
513	-97	-86	0	67	1	2	1	2
514	-24	55	0	100	1	2	1	2
515	-80	-9	0	94	1	2	1	2
516	63	94	0	83	1	2	1	2
517	-21	-60	0	27	1	2	1	2
518	-70	12	0	2	1	2	1	2
519	-53	-45	0	41	1	2	1	2
520	89	49	0	20	1	2	1	2
521	-76	-44	0	52	1	2	1	2
522	-26	-12	0	22	1	2	1	2
523	-59	-17	0	52	1	2	1	2
524	-52	52	0	81	1	2	1	2
525	-46	2	0	15	1	2	1	2
526	-47	-73	0	20	1	2	1	2
527	-70	16	0	34	1	2	1	2
528	65	39	0	66	1	2	1	2
529	76	33	0	58	1	2	1	2
530	-95	-42	0	19	1	2	1	2
531	-24	-22	0	10	1	2	1	2
532	-92	-62	0	89	1	2	1	2
533	47	28	0	60	1	2	1	2
534	90	-5	0	23	1	2	1	2
535	-7	-19	0	26	1	2	1	2
536	26	-85	0	36	1	2	1	2
537	2	-38	0	58	1	2	1	2
538	-55	-49	0	85	1	2	1	2
539	-5	-82	0	89	1	2	1	2
540	31	2	0	55	1	2	1	2
541	-37	-57	0	30	1	2	1	2
542	-44	-54	0	29	1	2	1	2
543	24	-82	0	54	1	2	1	2
544	80	-36	0	82	1	2	1	2
545	76	-6	0	41	1	2	1	2
546	-78	-67	0	93	1	2	1	2
547	54	40	0	83	1	2	1	2
548	-30	-20	0	64	1	2	1	2
549	-14	-95	0	9	1	2	1	2
550	41	-38	0	86	1	2	1	2
551	-5	-40	0	2	1	2	1	2
552	-65	-21	0	51	1	2	1	2
553	-58	-48	0	3	1	2	1	2
554	28	-26	0	18	1	2	1	2
555	64	-93	0	51	1	2	1	2
556	-36	-21	0	9	1	2	1	2
557	-70	-66	0	70	1	2	1	2
558	8	7	0	54	1	2	1	2
559	47	-94	0	3	1	2	1	2
560	-52	18	0	74	1	2	1	2
561	46	-8	0	68	1	2	1	2
562	-36	-90	0	19	1	2	1	2
563	-51	87	0	34	1	2	1	2
564	37	-72	0	56	1	2	1	2
565	-39	8	0	87	1	2	1	2
566	-31	40	0	11	1	2	1	2
567	53	19	0	28	1	2	1	2
568	-31	-82	0	19	1	2	1	2
569	-96	58	0	27	1	2	1	2
570	2	97	0	1	1	2	1	2
571	-57	30	0	10	1	2	1	2
572	-78	-44	0	75	1	2	1	2
573	-15	-18	0	59	1	2	1	2
574	-79	-30	0	43	1	2	1	2
575	-82	92	0	68	1	2	1	2
576	3	55	0	75	1	2	1	2
577	-18	-29	0	45	1	2	1	2
578	13	96	0	96	1	2	1	2
579	-56	54	0	12	1	2	1	2
580	-2	-46	0	78	1	2	1	2
581  70   0 0   0 0 0
582  40  80 0   0 0 0
583  40 -80 0   0 0 0
584 -60  20 0   0 0 0
585 -60 -20 0   0 0 0
