4597768.5 5832465.5, 4594016.0 5833087.0, 4594471.0 5838477.0, 4593407.0 5828122.0, 4593376.0 5837862.0, 4595096.0 5829480.0, 4593581.5 5830073.0, 4599606.0 5830482.0, 4597021.5 5831877.0, 4601024.5 5831619.0, 4596297.0 5829660.0, 4593239.5 5829091.0, 4596654.5 5834823.0, 4597024.5 5828602.0, 4600719.5 5829120.0, 4594967.0 5827717.0, 4597104.0 5829740.5, 4599574.0 5828811.0, 4596637.0 5834942.5, 4597214.0 5832011.5, 4599028.5 5833739.5, 4595120.0 5827160.0, 4593018.0 5829520.5, 4598921.0 5826327.0, 4596479.0 5827631.0, 4596938.5 5833326.5, 4596804.5 5833615.5, 4594153.0 5829393.0, 4596964.0 5832905.5, 4596686.0 5829106.0, 4598303.5 5832759.5, 4593193.5 5830289.0, 4596946.0 5826242.5, 4601089.0 5828165.0, 4597825.5 5829647.5, 4595562.0 5828846.5, 4598246.0 5826734.0, 4597005.5 5828512.0, 4595384.0 5837540.5, 4600096.0 5831295.0, 4596677.0 5827015.0, 4595169.0 5828982.0, 4598587.0 5829539.0, 4594532.0 5827889.0, 4593235.0 5834891.5, 4599118.0 5829961.0, 4595094.5 5830904.5, 4596645.5 5829984.5, 4600618.5 5827630.5, 4598144.5 5832166.5, 4597821.0 5827131.0, 4593505.5 5830621.0, 4597894.0 5826815.0, 4594183.5 5829331.0, 4599762.0 5830850.0, 4595129.5 5829613.5, 4597055.5 5829492.5 , 4596662.00877193 5830414.675438597
4470605.5 5896778.0, 4464317.0 5885259.5, 4451745.0 5886718.5, 4461189.5 5886455.5, 4465124.0 5884550.5, 4467469.0 5883075.5, 4461711.0 5886325.5, 4453581.0 5884083.0, 4461450.0 5899906.5 , 4461910.222222222 5888128.055555556
4585024.5 5704222.0, 4585402.5 5706603.0, 4584905.0 5703892.0, 4585785.0 5717716.5, 4583744.0 5704494.0, 4590455.0 5704841.5, 4590781.5 5711585.5, 4584204.5 5717406.5, 4579385.0 5720699.0, 4570886.0 5714678.0, 4592805.0 5706848.0, 4585167.5 5705279.5, 4587335.0 5703676.5, 4584987.5 5701000.0, 4583123.5 5701007.5, 4589579.0 5704428.5, 4586035.0 5700341.5 , 4585270.911764706 5707571.735294118
4616531.5 5846922.5, 4620727.5 5845719.0, 4621450.5 5837909.0, 4624253.0 5844693.0, 4627866.0 5831544.0, 4616271.5 5842931.0, 4617053.0 5843965.5, 4624241.0 5840190.0, 4617189.0 5847389.5, 4630098.0 5843670.0, 4619115.5 5831279.0, 4624111.5 5850579.5, 4617329.5 5835498.5, 4624349.0 5846499.5, 4624764.0 5840658.5, 4617070.5 5834615.5, 4613962.0 5847715.0, 4617816.5 5844816.5 , 4620788.861111111 5842033.083333333
4613131.0 5791077.0, 4619186.0 5795999.5, 4617226.5 5808114.0, 4612502.5 5796640.0, 4612584.5 5799029.5, 4612935.5 5798895.0, 4610663.5 5802703.5, 4610187.5 5800235.0, 4612723.5 5800136.0, 4612721.5 5797317.5, 4616578.0 5791329.5, 4618818.5 5808003.5, 4615381.0 5805609.5, 4605933.5 5804879.0, 4611824.0 5801218.5, 4602284.0 5801121.0, 4606070.5 5804694.5, 4616208.5 5797835.0, 4611801.5 5800584.0, 4608664.0 5805030.5, 4607009.0 5804017.0, 4615947.0 5805441.5, 4606240.0 5804870.5, 4606487.0 5804277.0, 4619354.0 5807083.5, 4608661.5 5801827.0, 4613334.0 5791972.5, 4605874.0 5796260.0, 4606118.5 5804311.5, 4609676.5 5795269.5, 4608269.5 5794637.5 , 4611432.145161291 5800658.693548387
4566765.5 5813555.5, 4570868.0 5807353.0, 4574290.5 5809463.5, 4574942.0 5815875.0, 4573933.5 5806821.0, 4572424.5 5808300.5, 4568946.0 5804985.0, 4571907.0 5806088.5, 4567498.0 5808392.5, 4566546.0 5806925.0, 4565646.0 5808809.5, 4573864.5 5807028.5, 4570089.0 5806922.5, 4571651.0 5814532.5, 4572306.5 5807302.5, 4570317.5 5809311.5, 4573304.5 5806075.5, 4573136.5 5807046.5, 4572267.5 5807673.5, 4572888.0 5807062.5, 4571993.0 5807392.5, 4568094.0 5816039.0, 4572401.0 5808410.0, 4573956.5 5809328.0, 4565197.0 5804430.5, 4564622.0 5803371.0, 4572470.5 5808085.5, 4564885.0 5802452.0, 4573369.0 5807356.0, 4572341.5 5807272.0, 4568791.0 5805254.5, 4573895.5 5807065.5, 4571958.5 5809328.5, 4570597.0 5812093.0, 4569271.0 5808625.5, 4569845.0 5809598.5, 4566345.5 5803715.5, 4572093.0 5808334.5, 4573089.0 5808928.5, 4571254.5 5806024.5, 4572600.0 5808647.5, 4570328.0 5809237.0, 4571346.0 5808101.0, 4569206.5 5807257.5, 4571635.0 5808838.0, 4569691.0 5806159.5, 4571528.5 5809076.0, 4566894.5 5813248.5, 4572107.5 5806438.0, 4572168.5 5809267.5, 4571074.5 5811550.0 , 4570757.676470588 5808244.117647059
4666923.0 5800345.5, 4665753.5 5794367.5, 4671400.0 5813542.5, 4668552.0 5813904.0, 4671566.0 5792309.5, 4663028.5 5810396.0, 4673047.5 5804487.5, 4668564.0 5803790.5, 4668622.5 5804773.0, 4671269.0 5801849.5, 4670387.0 5806290.5, 4673128.5 5804326.0, 4669862.0 5800542.5, 4662984.5 5809796.5, 4673833.5 5804643.5, 4655094.0 5802579.0, 4654928.5 5804450.0 , 4667584.94117647 5804258.44117647
4524415.0 5792342.0, 4525814.0 5782261.0, 4522351.0 5793122.5, 4519237.5 5792628.5, 4531985.5 5794098.5, 4524205.0 5784945.5, 4516875.0 5790752.5, 4524832.5 5792047.0, 4531591.5 5795424.0, 4519182.5 5781479.5 , 4524048.95 5789910.1
4585296.5 5776979.0, 4581349.5 5772062.0, 4571226.0 5784457.5, 4584701.0 5782919.0, 4576055.0 5775602.0, 4578376.5 5776035.0, 4570104.5 5776743.5, 4576978.5 5778825.5, 4580559.0 5773817.0, 4580720.0 5781945.5, 4573105.0 5781811.0, 4584633.0 5776757.0, 4576228.5 5776129.0, 4572870.0 5781549.0, 4586833.0 5773607.0, 4570154.5 5774163.0 , 4578074.40625 5777712.625
4661326.5 5726930.0, 4657299.5 5726768.5, 4665122.0 5722201.5, 4654169.0 5725848.0, 4662508.5 5715165.0, 4664569.5 5717482.5, 4660017.0 5712855.5, 4650560.0 5721378.0, 4661177.0 5726851.0, 4649534.0 5723206.5, 4653238.5 5714085.0, 4664561.0 5717561.5, 4662130.5 5712564.5, 4652298.0 5729409.5, 4652494.5 5730084.0, 4654626.0 5728449.5, 4650149.5 5722025.5, 4660470.5 5713334.5, 4653212.0 5727381.0, 4646501.0 5719429.5, 4659498.5 5712602.0, 4651966.0 5715493.5, 4665202.5 5717867.5, 4652240.0 5715307.5, 4658106.0 5728176.0, 4664944.0 5718273.0, 4644269.0 5722773.0, 4651730.0 5714006.0 , 4656568.589285715 5720625.339285715
4525373.0 5868249.0, 4529591.0 5864644.0, 4525256.5 5860830.0, 4526445.0 5866644.0, 4521495.5 5858792.0, 4521399.0 5876369.0, 4518994.0 5861969.5, 4521257.0 5858349.5, 4529741.5 5870865.5, 4516904.5 5871837.0, 4523752.0 5862317.5, 4514826.0 5860303.5 , 4522919.583333333 5865097.541666667
4574804.5 5754231.0, 4562938.0 5757775.5, 4564774.0 5768812.0, 4578600.5 5752227.5, 4572024.0 5762902.5, 4575834.5 5765691.5, 4564316.5 5763514.5, 4580482.0 5761908.5, 4578469.0 5758566.5, 4564784.5 5768629.5, 4575817.5 5761199.5, 4574493.5 5762793.0, 4567545.0 5758833.0, 4575598.0 5762009.0, 4556948.0 5760630.0, 4558440.0 5758742.5, 4559223.5 5759873.0, 4578492.5 5753127.5, 4577343.5 5755853.5 , 4570575.2105263155 5760385.263157895
4655739.0 5902569.0, 4653163.0 5907392.5, 4658028.0 5911963.0, 4647929.0 5903310.5, 4645037.0 5918467.5, 4656140.5 5902219.0, 4643753.0 5915047.5, 4656943.0 5907023.5, 4658884.5 5911110.0, 4660261.5 5906431.0, 4657615.5 5900539.0 , 4653954.0 5907824.7727272725
4496875.5 5892503.5, 4501220.5 5904005.5, 4495120.0 5899885.5, 4495645.5 5898089.0, 4502734.5 5912594.5, 4502974.5 5901892.5, 4495504.5 5898339.0, 4504077.0 5911537.5, 4508728.5 5903600.0, 4496162.5 5897570.5 , 4499904.3 5902001.75
4620400.5 5695241.0, 4621060.5 5693432.5, 4623420.0 5694410.0, 4621719.0 5694984.5, 4629051.0 5697958.0, 4620224.0 5701172.0, 4619788.5 5701295.5, 4623432.5 5698633.5, 4620458.0 5705126.0, 4620979.5 5685671.5, 4622165.0 5694259.0, 4616156.0 5694380.5 , 4621571.208333333 5696380.333333333
4589620.0 5998917.5 , 4589620.0 5998917.5
4581432.5 5860265.5, 4567486.0 5861523.5, 4586460.5 5863340.5, 4581771.0 5868520.5, 4571337.5 5863641.0, 4580854.5 5868868.5, 4575642.0 5862884.5, 4584793.5 5863003.5, 4584623.0 5863864.5, 4579154.5 5860240.5, 4575476.0 5862919.5, 4579432.0 5860138.5, 4579455.5 5858047.0, 4577992.0 5865391.0, 4576590.0 5852540.5, 4575251.5 5867099.5 , 4578609.5 5862643.03125
4620695.0 5814915.0, 4627679.5 5821354.5, 4621753.0 5811559.5, 4619548.0 5814451.5, 4615311.0 5816448.0, 4619007.0 5819779.5, 4625728.5 5818176.0, 4615562.5 5816017.5, 4628879.0 5818548.5, 4629951.0 5818149.5, 4617265.5 5827203.0, 4618106.0 5812123.0, 4624836.0 5822683.5, 4619434.5 5817099.0, 4625544.0 5821587.5, 4630905.0 5823212.5, 4619216.0 5809797.5, 4615766.0 5814874.0, 4618515.0 5819922.5, 4627507.5 5818151.0, 4628630.5 5827941.0, 4623791.0 5817062.0, 4624390.5 5808097.0, 4620075.0 5811269.5, 4617289.0 5827857.5, 4615974.5 5826048.0, 4619029.5 5809076.5, 4633022.5 5815017.5, 4626644.0 5818148.0, 4615323.0 5815905.0, 4619371.5 5828835.5, 4619457.5 5811055.0, 4615162.0 5823757.5, 4628854.5 5821233.5 , 4622006.617647059 5818157.544117647
4622183.5 5658087.0, 4603198.0 5671068.5 , 4612690.75 5664577.75
4601667.0 5819631.0, 4601959.5 5825052.0, 4606100.5 5818306.0, 4605267.5 5824446.0, 4605837.0 5824997.0, 4601833.0 5821339.0, 4605124.0 5825315.5, 4605941.0 5823844.0, 4606589.0 5822917.0, 4603597.0 5827342.5, 4601329.5 5823367.0, 4602899.0 5826865.0, 4609151.5 5818400.5, 4606425.5 5827895.5, 4601361.0 5827210.0, 4611619.5 5820029.5, 4601148.5 5824300.0, 4603788.0 5817909.0, 4602399.5 5817863.0, 4609525.0 5821337.5, 4612445.5 5818277.0, 4601665.5 5825160.0, 4608991.0 5823835.0, 4608477.0 5822113.0, 4603462.0 5819645.0, 4602835.0 5824019.5, 4606532.0 5823940.0, 4600870.0 5820987.0, 4605907.5 5826595.5, 4608241.0 5822153.0, 4602834.0 5825999.5, 4611359.0 5818958.0, 4604525.0 5822398.5, 4605513.0 5826107.5, 4604691.5 5824418.5, 4602542.0 5826796.5, 4601886.0 5822531.0, 4607794.0 5825233.5, 4604533.0 5824078.0, 4608343.0 5821743.5, 4606233.0 5824472.0, 4610096.5 5823198.5, 4601299.0 5826849.0, 4606082.0 5817950.0, 4603234.5 5822509.0, 4603177.0 5827444.5, 4603640.0 5819158.0, 4610054.0 5819350.0, 4606091.0 5824926.0, 4606096.0 5818184.0, 4600960.0 5821635.5, 4603527.0 5817771.5, 4602751.0 5820406.0, 4603232.0 5820780.5, 4605751.5 5826673.0, 4609631.5 5819811.5, 4611608.0 5823087.0, 4607141.5 5818723.5, 4603825.5 5818138.0, 4603250.5 5820550.0, 4604405.0 5823487.5, 4604135.5 5827516.0, 4600528.0 5822136.5, 4600532.5 5822538.5, 4605342.5 5826509.0, 4601494.5 5827301.0, 4605115.0 5820739.5, 4602275.5 5827592.5, 4605839.5 5826776.5, 4603125.5 5828401.0 , 4604964.064285714 5822971.028571429
4600995.0 5782108.0, 4601821.5 5788886.0, 4586640.0 5785693.0, 4595915.5 5787528.5, 4606320.5 5790755.0, 4590603.5 5784473.5, 4589848.5 5789404.5, 4604681.5 5788790.5, 4593891.0 5778889.0, 4597987.0 5786373.5, 4601397.0 5780164.5, 4597468.5 5785115.0, 4595263.0 5784887.5, 4597311.5 5788766.0, 4600129.0 5794827.5, 4592420.0 5781569.5, 4597373.5 5791334.5, 4601891.0 5782403.0, 4598532.5 5788482.5, 4599539.0 5787790.0, 4591202.0 5785082.0, 4587329.0 5787247.0, 4599903.5 5785764.5, 4601314.0 5788413.0, 4593766.0 5778546.5, 4592430.5 5789260.5, 4589855.0 5789091.5, 4600765.0 5779039.0, 4593585.5 5781803.0 , 4596557.913793104 5785947.879310345
4556096.0 5785786.5, 4560468.5 5774982.5, 4551404.0 5795616.0, 4566511.5 5788382.0, 4562432.5 5778410.5, 4551581.5 5794951.5, 4563413.0 5781376.0, 4561430.0 5793411.0, 4563876.0 5783764.0, 4551561.5 5782982.0, 4559207.0 5786267.0, 4547755.0 5790134.5, 4565425.5 5790236.0, 4556662.5 5795283.5, 4553915.0 5780440.5, 4559008.5 5773781.5, 4566438.5 5780780.5, 4559479.0 5784550.5, 4566027.5 5789837.0 , 4559089.105263158 5785840.684210527
4628131.5 5788777.5, 4637859.0 5801126.0, 4628751.0 5790828.0, 4625844.5 5804330.5, 4630406.0 5809218.0, 4645342.0 5799034.0, 4630894.0 5809244.0, 4639354.5 5795412.0, 4630184.0 5791486.0, 4640961.0 5804190.5, 4629777.0 5799835.0, 4626912.5 5803652.0, 4632549.5 5800982.0, 4622878.5 5792960.0, 4632014.5 5794246.5, 4625240.0 5802994.5, 4637340.0 5787839.5, 4630090.0 5795832.5, 4642638.5 5802563.0, 4645087.0 5799420.0, 4623982.0 5789017.5, 4633282.0 5791139.5, 4626952.5 5806349.5 , 4632455.282608695 5798281.652173913
4650649.5 5762935.0, 4645528.0 5755397.0, 4660802.5 5763626.5, 4649316.0 5758092.0, 4649050.0 5767102.0, 4646313.5 5755413.5, 4646677.0 5758858.5, 4650518.0 5754884.0, 4647554.5 5766959.5, 4659267.5 5769634.0, 4649347.5 5767504.0 , 4650456.7272727275 5761855.090909091
4578900.5 5875230.0, 4573261.0 5876462.0, 4569327.0 5872633.5, 4572603.5 5872491.5, 4566903.0 5870436.5, 4574189.5 5871555.0, 4570007.5 5872668.5, 4570808.0 5878636.0, 4566065.0 5870221.0, 4568481.5 5867075.0, 4577571.0 5872291.0, 4579804.5 5875090.5, 4570583.5 5873232.5, 4565825.5 5875595.5, 4573015.0 5877402.5, 4577294.5 5870992.5, 4576767.5 5875699.0, 4579796.0 5878206.5 , 4572844.666666667 5873662.166666667
4547962.5 5838664.0, 4537640.5 5835977.0, 4545901.0 5834435.0, 4538938.5 5845104.0, 4547170.5 5843314.5, 4543674.5 5841827.5, 4538403.0 5825747.5, 4541884.5 5825854.0, 4543246.0 5837808.5, 4541742.5 5825537.0, 4543985.0 5840710.0 , 4542777.136363637 5835907.181818182
4614743.5 5925203.0, 4617017.0 5930439.0, 4631021.5 5924880.0, 4618442.5 5928516.0, 4636851.5 5925037.0, 4623323.0 5925272.0, 4628214.0 5923340.5, 4623531.5 5924803.0, 4613612.5 5924069.5, 4619978.0 5925997.0, 4638227.0 5920027.5, 4610227.5 5924489.5, 4616996.5 5927951.5, 4631255.5 5933209.0, 4619122.5 5937544.0, 4625897.0 5916004.5, 4633262.5 5916803.5, 4606667.5 5926454.5, 4617096.0 5924937.0, 4615362.5 5928731.0, 4619348.0 5922351.0, 4618247.0 5918653.5, 4616374.0 5928246.5 , 4621513.847826087 5925346.0869565215
4682713.0 5753527.0, 4676479.5 5747340.0, 4672754.0 5747368.5, 4672776.5 5744504.0, 4673018.5 5746284.5 , 4675548.3 5747804.8
4552058.0 5888146.0, 4552225.5 5890195.0, 4560187.0 5886617.5, 4558515.0 5884888.0, 4558611.0 5891844.5, 4555430.0 5886034.5, 4552251.0 5889722.5, 4542449.5 5894246.0 , 4553965.875 5888961.75
4604778.5 5729399.5, 4611697.5 5738047.0, 4612910.5 5732342.5, 4614274.0 5730467.0, 4611745.5 5738920.5, 4612145.5 5729598.5, 4617034.0 5723544.0, 4604377.5 5729974.5, 4617324.5 5725435.5, 4608524.5 5730546.5, 4619193.0 5729092.5, 4608917.5 5724406.5, 4609128.5 5730711.5, 4618758.5 5735340.0, 4612995.0 5731988.5, 4622834.0 5735830.0, 4610893.0 5720540.5, 4615397.5 5716169.5, 4612278.0 5719252.5, 4620171.0 5724820.5, 4615778.0 5720056.5, 4618125.5 5727877.5, 4616711.0 5726861.5, 4616616.5 5739047.0, 4618156.5 5723962.5, 4616686.5 5729129.0, 4616583.5 5729328.0 , 4614223.537037037 5728618.12962963
4488220.5 5770974.0, 4471655.0 5782585.5, 4486981.5 5787988.0, 4474458.0 5783838.0 , 4480328.75 5781346.375
4586457.5 5882012.5, 4585854.0 5880616.5, 4596732.5 5880674.0, 4586096.5 5880607.5, 4599122.5 5877619.0, 4591327.0 5871838.5, 4586604.0 5870712.5, 4588055.0 5873177.5, 4591641.5 5871398.5, 4596731.0 5872231.5, 4585832.5 5880315.5, 4584563.5 5878581.0, 4593041.0 5878632.5, 4599361.0 5874512.0, 4592186.5 5877151.0, 4590543.5 5872984.5, 4588488.0 5872984.5, 4596930.5 5886913.5, 4591643.5 5873358.0, 4584561.0 5878464.5 , 4590788.625 5876739.25
4681498.0 5775862.5, 4683815.5 5769182.0, 4675826.0 5776388.0, 4685679.5 5763681.5, 4679876.5 5789250.5, 4673731.5 5786707.5, 4677690.5 5785853.5, 4681038.5 5779939.5, 4678509.0 5782984.5, 4683405.5 5769225.5, 4682185.5 5786633.5, 4680459.5 5775162.0, 4681083.5 5775462.5, 4686809.5 5768958.0, 4675625.0 5776733.5, 4670366.0 5785059.0, 4682197.5 5781295.5, 4664800.5 5773888.0, 4686457.5 5768721.5, 4675710.0 5772013.0, 4678323.0 5763571.0, 4679882.0 5788730.0, 4675793.5 5772493.0 , 4679163.630434782 5776860.673913044
4496923.0 5879963.0, 4506407.5 5881332.0, 4501290.5 5880584.5, 4499821.0 5887008.5, 4506424.0 5881128.0, 4508712.5 5878617.5, 4494850.0 5883048.0, 4507338.5 5887396.5, 4502289.0 5875642.0, 4499770.0 5890913.5, 4498382.5 5887363.5, 4499865.0 5886823.5, 4500555.5 5876069.5, 4512808.0 5879618.0, 4505822.0 5878672.0 , 4502750.6 5882278.666666667
4511800.0 5823658.0, 4515570.0 5829200.5, 4523882.5 5821624.0, 4520473.5 5824908.0, 4523023.5 5830470.5, 4519982.0 5823814.5, 4489867.5 5828676.0, 4517045.0 5838423.0, 4517283.5 5831632.0, 4520916.0 5832915.0, 4516905.5 5838444.5, 4519010.5 5836430.0, 4518054.5 5828766.5, 4515729.0 5833810.0, 4514498.5 5821730.0 , 4516269.433333334 5829633.5
4599053.5 5800187.5, 4589866.5 5796738.0, 4600915.0 5798039.0, 4587745.0 5798019.5, 4594439.0 5797738.0, 4584309.5 5798896.5, 4589614.0 5806149.0, 4589616.0 5804385.5, 4587990.0 5799263.0, 4588933.5 5805663.0, 4598241.5 5802372.0, 4589860.5 5804984.0, 4593090.0 5805396.0, 4598309.5 5804384.5, 4594159.0 5807977.0, 4590783.0 5806463.0, 4595103.0 5806847.0, 4586201.5 5805027.5, 4588254.0 5799226.0, 4585335.5 5801494.0, 4587264.5 5793946.0, 4597266.5 5804435.5, 4598525.0 5806501.0, 4586413.0 5808240.5, 4600040.0 5803029.0, 4598568.0 5799309.0, 4588245.0 5794877.0, 4586031.5 5805682.5, 4588296.5 5802748.0 , 4591809.293103448 5802345.4655172415
4666218.0 5749950.5, 4664073.5 5751164.5, 4655011.0 5749001.0, 4654591.0 5748838.0, 4661405.0 5742868.5, 4663420.5 5750629.5, 4660127.0 5753376.0, 4661845.5 5750757.5, 4658755.5 5743637.0 , 4660605.222222222 5748913.611111111
4486680.5 5883596.0, 4481652.5 5872734.0, 4487571.0 5885561.5, 4477307.0 5878065.0, 4475044.5 5882049.5, 4488009.5 5885497.0, 4491662.5 5882894.5, 4477936.0 5877214.0, 4490615.5 5881855.0, 4490705.0 5883354.5, 4472847.5 5880026.5, 4485451.5 5875119.0, 4488391.0 5881118.5, 4487070.0 5883042.5, 4483033.5 5876789.0, 4485652.0 5874533.0, 4493403.0 5881370.0, 4477475.0 5878066.0, 4484942.5 5876589.0, 4492201.0 5887568.0, 4484829.0 5879993.0, 4493314.5 5873695.0, 4485719.5 5876569.5 , 4485283.217391305 5879882.608695652
4547343.5 5771457.5, 4529552.0 5773778.5, 4542421.5 5774370.0, 4547286.5 5771718.5, 4542329.0 5764952.0, 4543612.0 5784175.0, 4545139.5 5779775.5, 4553713.0 5763217.0, 4531764.0 5776024.0, 4533314.5 5778365.5, 4546025.0 5782481.0, 4530999.0 5772326.5, 4543970.0 5783914.0, 4543426.5 5777690.5, 4532843.5 5778533.5, 4539929.0 5764947.0, 4550779.0 5766378.0, 4545436.0 5769195.0, 4542348.0 5783795.5, 4545060.0 5779715.0, 4545464.5 5768869.0, 4543767.0 5771933.0, 4546917.5 5766282.5, 4531190.5 5772543.5, 4541435.0 5778521.5, 4535631.0 5777489.0, 4540390.0 5778928.5, 4544996.5 5779517.5, 4551516.0 5772920.5, 4549759.0 5781618.5, 4541629.0 5784972.0, 4544247.5 5778416.5, 4535219.5 5777769.0, 4552478.0 5761101.0, 4530906.0 5777757.0, 4540398.0 5767724.5, 4535817.5 5771631.5, 4547677.0 5779939.0, 4542526.0 5773987.0, 4541671.0 5780523.0, 4540201.0 5777472.0 , 4541978.756097561 5775042.085365853
4637118.0 5737814.0, 4641540.0 5742537.5, 4628869.5 5733067.0, 4634172.0 5733589.0, 4634941.0 5739691.0, 4640842.5 5741194.0, 4634528.5 5746528.0, 4634917.0 5735706.0, 4636158.0 5747417.0, 4631872.0 5745880.5, 4641987.5 5734834.5, 4639316.0 5734977.0, 4640853.5 5748961.5, 4635951.0 5734230.5, 4632154.0 5748179.0, 4627520.0 5748770.5, 4640153.0 5736928.5, 4628128.5 5750035.5, 4640209.0 5736593.5, 4639013.0 5730470.5, 4629103.0 5739561.0, 4635092.0 5740136.0, 4640167.0 5739771.5 , 4635852.434782608 5740298.847826087
4593016.5 5762119.5, 4598844.5 5759833.5, 4605803.5 5759385.0, 4590729.5 5769602.0, 4589107.5 5762162.5, 4595537.0 5769157.5, 4603152.0 5768778.5, 4601042.0 5765267.0, 4597275.5 5763935.5, 4603461.5 5758471.0, 4591282.5 5768854.5, 4598826.5 5759779.5, 4603037.5 5770873.0, 4603165.0 5769090.5, 4591376.5 5758378.5 , 4597710.5 5764379.2
4650172.0 5852433.0, 4651901.5 5838121.0, 4653945.5 5846602.0, 4642039.0 5841235.0, 4640297.0 5838849.0, 4638310.5 5838417.0, 4641801.0 5841592.0, 4643175.0 5846146.0, 4647056.0 5853264.5, 4642254.5 5847897.5, 4651913.0 5837753.0, 4636292.0 5843404.5, 4655685.5 5844639.0, 4646086.0 5842260.0, 4654617.0 5838729.0, 4641054.0 5849542.5, 4647884.5 5836129.0, 4647979.5 5839995.0, 4641878.5 5841296.0, 4652717.0 5844035.0, 4640347.5 5850479.0, 4643732.5 5849547.0, 4641046.0 5842254.5, 4651863.0 5853067.0, 4645543.0 5851201.0, 4646267.5 5840230.0 , 4645994.557692308 5844196.865384615
4562966.0 5828782.5, 4554341.0 5828867.5, 4559851.0 5831344.0, 4563354.5 5829151.5, 4561508.0 5833979.0, 4559259.5 5830065.5, 4564253.5 5824028.5, 4563260.5 5828536.0, 4559488.5 5828986.0, 4553497.5 5832070.0, 4564610.5 5825344.5, 4559358.5 5827832.5, 4556125.0 5836522.0, 4555258.5 5840913.5, 4561298.0 5833524.5, 4561464.5 5837119.5, 4566701.5 5833583.0, 4568644.5 5828102.5, 4559032.0 5825359.5, 4561338.0 5837184.5 , 4560780.55 5831064.825
4593754.0 5851063.0, 4589749.0 5859250.0, 4585925.5 5843281.5, 4584882.5 5850041.0, 4584919.5 5842737.5, 4597874.0 5845473.5, 4584812.5 5848039.5, 4580415.0 5851660.5, 4583815.5 5847690.0, 4582308.0 5854555.5, 4584270.5 5849641.0, 4596853.5 5846956.5, 4591386.0 5847979.5, 4596186.5 5847628.5, 4593327.5 5851001.0, 4596481.5 5847494.5, 4589605.5 5849162.0, 4595011.5 5856378.5 , 4589532.111111111 5849446.305555556
4653264.5 5742724.5, 4648156.5 5742157.0, 4647308.5 5744312.0, 4648356.5 5747460.0, 4652024.5 5740837.0, 4644206.0 5742573.5, 4651597.0 5739943.0, 4644490.0 5732809.0, 4654980.5 5737204.5, 4648493.5 5735048.0, 4646617.5 5744117.5, 4651076.5 5739454.5, 4648630.5 5747940.0, 4655714.5 5741099.5, 4644869.5 5742917.5, 4655215.5 5738692.5, 4643049.5 5743253.5, 4648119.0 5733221.0, 4647852.5 5745844.5, 4651931.5 5740677.5, 4642701.5 5741147.5 , 4648983.595238095 5741115.904761905
4650787.0 5791894.0, 4650426.0 5783218.5, 4653516.5 5785601.0, 4656833.5 5773703.5, 4648185.5 5785527.0, 4647756.5 5795074.5, 4652075.0 5783972.5, 4650206.0 5784380.0, 4655286.0 5776797.0, 4663711.5 5783244.0, 4654657.5 5783970.0, 4652110.5 5780235.5, 4642226.0 5784728.0, 4645220.0 5789293.5, 4642300.5 5788358.0, 4659779.5 5784286.0, 4647466.0 5793893.0, 4664657.5 5787251.0, 4647447.5 5784992.5, 4664308.5 5783121.5, 4645854.0 5783349.5, 4658468.0 5788910.0, 4652156.5 5777559.5, 4654867.5 5777251.5, 4648245.5 5782710.5, 4662571.0 5777468.5, 4650044.0 5777827.0, 4643245.0 5782249.5, 4648670.5 5779724.0, 4650915.5 5792366.0 , 4652133.15 5784098.566666666
4606060.5 5813763.0, 4606573.0 5814764.0, 4601930.5 5812245.5, 4603439.5 5812138.5, 4603215.0 5810814.0, 4601780.5 5803596.5, 4600688.5 5805317.5, 4607193.5 5813751.0, 4605654.0 5814765.0, 4607130.5 5814463.0, 4607214.0 5808786.0, 4607674.0 5814344.0, 4605301.0 5811472.0, 4600771.5 5809606.0, 4603726.5 5812393.0, 4608126.0 5812792.0, 4602061.0 5812982.0, 4608824.5 5816974.5, 4602808.5 5814690.0, 4606791.0 5813528.0, 4605831.0 5808481.5, 4607409.0 5813690.0, 4603043.5 5816176.5, 4611942.0 5814865.0, 4606419.5 5813640.5, 4607298.0 5808352.5, 4610597.0 5815065.0, 4605966.0 5808726.0, 4601548.0 5809025.0, 4611961.0 5814045.0, 4607555.5 5814385.0, 4602901.5 5814592.5, 4612171.0 5810939.0, 4605665.0 5816284.5, 4602229.0 5816273.0, 4600274.5 5809769.5, 4608244.5 5809208.5, 4603633.5 5804749.0, 4603882.0 5815003.0, 4607072.0 5811714.0, 4607183.5 5814559.0, 4604434.5 5807909.0, 4607400.5 5813849.5, 4607918.0 5811689.0, 4602739.0 5807664.0, 4608038.0 5816327.0, 4604359.5 5811954.0, 4604465.0 5817184.0, 4607174.0 5809225.0, 4602825.5 5814742.5, 4604971.0 5810515.0, 4606694.0 5817412.5, 4607656.0 5813114.0, 4605620.5 5805413.0, 4604126.0 5812516.5 , 4605603.8545454545 5812222.627272727
4607956.5 5782623.0, 4619310.0 5781325.5, 4613488.0 5782034.0, 4608308.0 5786968.0, 4613377.0 5771745.0, 4612596.0 5781518.5, 4612464.0 5781082.5, 4618185.0 5770709.5, 4611526.0 5779681.5, 4616693.5 5776185.5, 4609691.5 5769450.0, 4612824.0 5781832.0, 4617970.5 5768281.5 , 4613414.615384615 5777956.653846154
4648280.5 5883124.5, 4645292.0 5879785.0, 4634917.5 5870445.0, 4639712.5 5882198.0, 4631598.0 5886809.5, 4630478.0 5881769.5, 4637306.0 5873521.5, 4635030.5 5889027.5, 4626381.0 5886414.0, 4627682.5 5888273.5, 4653688.5 5886567.0, 4634747.0 5889397.5, 4652375.0 5882179.5, 4633296.0 5873376.0, 4640441.5 5875895.5, 4633147.0 5875119.5, 4651391.5 5880976.5, 4632875.0 5877413.0, 4643675.5 5885248.5, 4636600.0 5888065.0 , 4638445.775 5881780.3
4583151.5 5820379.0, 4580834.0 5823296.0, 4581914.0 5823173.0, 4583966.5 5824848.5, 4583705.0 5823702.0, 4585928.0 5823382.0, 4585750.0 5821386.5, 4583991.0 5820047.0, 4580517.5 5824933.5, 4581411.0 5823982.0, 4583230.5 5825324.5, 4576945.0 5823648.0, 4585831.0 5823653.0, 4581838.0 5824143.5, 4583429.0 5827401.0, 4576493.0 5824781.0, 4581208.0 5823157.0, 4574373.0 5826095.0, 4575439.5 5821334.0, 4584793.0 5821976.0, 4583582.0 5824459.5, 4585728.0 5821146.0, 4577696.0 5822780.0, 4578182.0 5824116.0, 4584901.0 5821930.0, 4579478.0 5820201.0, 4581376.0 5821911.0, 4581787.0 5823681.0, 4579773.0 5821719.0, 4584569.0 5823534.0, 4581805.0 5824109.0, 4577365.5 5822328.5, 4580120.0 5822595.0, 4586269.0 5824703.0, 4581778.0 5821873.0, 4579799.0 5823657.0, 4579132.0 5815301.0, 4584214.0 5824042.0, 4580434.0 5824181.0, 4581022.0 5822401.0, 4579574.0 5822226.0, 4583747.0 5822336.0, 4577058.5 5823239.0, 4578681.5 5822854.5 , 4581427.7272727275 5822999.2272727275
4664870.0 5732404.0, 4657068.0 5730573.0, 4666706.5 5739204.5, 4665069.0 5732095.0, 4665752.0 5739027.5, 4662515.5 5734073.0, 4657673.5 5732047.5, 4657658.0 5731838.0, 4660849.0 5738492.0, 4658919.0 5734599.5, 4657288.0 5734754.0, 4663893.0 5741823.5, 4667048.5 5736131.5, 4667044.0 5734377.0, 4663509.5 5737886.5, 4664195.5 5739344.5, 4662076.5 5728465.0 , 4662478.55882353 5735125.647058823
4634524.5 5703476.5, 4637613.5 5708321.5, 4642971.0 5704862.5, 4629987.0 5705811.5, 4631083.0 5705436.5, 4639607.0 5712307.5, 4640621.0 5703899.5, 4630253.0 5704298.5, 4637911.0 5705243.0, 4631873.0 5710164.5, 4642206.0 5708043.0, 4640785.0 5713383.0, 4638792.0 5698065.0, 4631615.5 5698986.0 , 4636417.321428572 5705878.464285715
4577046.5 5891559.5, 4576941.0 5894650.0, 4570795.0 5885467.5, 4576518.5 5894072.5, 4579527.5 5883716.0 , 4576165.7 5889893.1
4599293.0 5706309.0, 4603168.5 5705665.0, 4605575.5 5697692.0, 4605804.5 5702833.0, 4610375.0 5706407.0, 4607817.5 5697848.0, 4600548.5 5707739.5, 4604392.5 5704893.5, 4604921.0 5707569.0, 4606716.5 5706725.0, 4604049.0 5705307.0, 4604819.5 5707754.5, 4594493.0 5700714.5, 4605400.5 5697718.0, 4604140.5 5708392.0, 4600957.5 5701566.0, 4613077.5 5700972.5, 4596614.0 5705036.5, 4607193.0 5685376.0, 4605302.5 5705054.0 , 4604232.975 5703078.6
4542821.0 5702576.5, 4535792.5 5667648.0, 4549974.5 5691933.5, 4547320.0 5691923.5, 4503197.0 5707895.0 , 4535821.0 5692395.3
4604378.5 5836473.0, 4605871.0 5833002.0, 4605958.0 5845264.5, 4606229.5 5836282.5, 4606135.5 5836145.0, 4602022.0 5834846.5, 4599246.5 5839858.5, 4604747.0 5834011.0, 4608482.0 5831850.0, 4604406.0 5842215.5, 4604374.5 5832514.5, 4600963.0 5837403.5, 4604106.0 5832230.0, 4597576.0 5840430.5, 4609186.0 5834942.0, 4597353.0 5843011.5, 4597928.5 5836768.0, 4601278.5 5838468.0, 4604646.5 5833649.0, 4601867.5 5839395.0, 4607340.5 5842737.5, 4601689.0 5834380.0, 4602924.0 5834281.0, 4605817.5 5832400.0, 4601461.5 5832417.5, 4610727.0 5831945.5, 4605438.0 5841077.5 , 4603783.444444444 5836592.574074074
4662851.0 5843469.0, 4660609.5 5838577.0, 4666142.0 5833824.5, 4672846.5 5824475.0, 4668073.5 5822020.0, 4663817.0 5828577.0, 4662248.0 5840829.0, 4666378.0 5833250.0, 4676617.0 5829050.0, 4663267.5 5835538.0, 4661087.5 5836641.5, 4666548.5 5832980.5, 4662390.0 5843633.0, 4660727.0 5819229.0, 4673042.0 5829327.0, 4664340.5 5831994.0, 4664969.5 5840793.0, 4672713.0 5823498.5, 4663264.0 5829057.5, 4663145.0 5820513.5, 4670826.0 5833612.0, 4661951.5 5824255.0, 4658597.0 5830112.5 , 4665497.891304348 5831532.891304348
4564273.5 5811630.5, 4557005.5 5813922.5, 4558003.5 5804919.5, 4554447.0 5807838.5, 4553909.5 5805889.5, 4559369.0 5817896.0, 4558239.0 5814916.5, 4563117.0 5819543.5, 4566011.0 5820704.5, 4557945.5 5809315.0, 4557560.0 5806647.0, 4565789.5 5820288.0, 4562869.0 5806953.0, 4563550.5 5820845.5, 4561733.5 5808350.0, 4556208.0 5817337.5, 4555730.0 5822017.0, 4553612.5 5809318.0, 4563143.5 5811665.5, 4563479.0 5820424.0, 4557679.0 5816816.0, 4563299.5 5815357.5, 4556969.0 5803838.0 , 4559736.673913044 5813323.173913044
4536344.0 5893263.0, 4537922.5 5879698.0, 4543397.5 5875953.0, 4530815.0 5878262.0, 4522996.5 5882653.0, 4533323.5 5893262.5, 4529063.5 5881222.0 , 4533408.928571428 5883473.357142857
4612926.5 5758869.5, 4624934.5 5753261.0, 4618136.0 5753551.0, 4619444.0 5749388.5, 4613070.0 5755860.0, 4608709.5 5754940.5, 4610604.5 5761152.5, 4613198.0 5758515.5, 4611601.0 5747682.5, 4616174.5 5744740.0, 4611484.5 5761497.5, 4613328.5 5744421.5, 4619847.5 5757564.0, 4621542.0 5759299.0, 4613110.0 5758703.0, 4610216.5 5743832.5, 4616741.0 5750845.5, 4612000.0 5761641.0, 4608987.0 5754963.0, 4609701.5 5749132.5, 4605253.5 5747603.0, 4611692.0 5757698.5, 4617339.5 5757105.0, 4617437.5 5747710.5, 4618802.5 5747864.0, 4622816.5 5745388.0, 4613644.0 5744071.5, 4604229.0 5749989.5, 4613806.0 5742597.0, 4617066.5 5747386.0, 4605684.0 5747374.0 , 4613984.774193549 5752085.403225807
4597795.0 5817580.0, 4595274.0 5814912.0, 4597617.0 5817378.0, 4598923.0 5816095.5, 4592868.0 5812334.0, 4598879.0 5817586.0, 4598585.5 5814782.5, 4597200.0 5816374.0, 4597776.0 5817175.0, 4596831.0 5814884.0, 4593090.0 5814926.0, 4599461.0 5814342.5, 4599038.5 5815611.0, 4592763.5 5812355.5, 4599065.0 5815566.5, 4595214.0 5813179.0, 4593211.5 5815027.0, 4594363.5 5813133.0, 4593819.5 5815645.0, 4597497.0 5817817.0, 4592189.0 5812554.0, 4594203.0 5808788.0, 4599463.5 5814418.0, 4596325.0 5814086.0, 4594864.5 5809731.5, 4599148.0 5815776.0, 4597800.0 5814601.0, 4599877.0 5817813.0, 4591943.5 5809659.5, 4594467.0 5812657.0, 4599418.0 5811966.0, 4598361.5 5815419.0, 4593523.5 5813322.5, 4594272.0 5816282.0, 4594534.5 5816018.5, 4598766.0 5817444.0, 4593871.0 5809150.0, 4598030.5 5811075.0, 4600169.0 5817490.0, 4594530.0 5815637.0, 4598654.0 5815438.0, 4592106.0 5813741.0, 4600357.0 5815497.5, 4596675.0 5815861.0, 4592722.0 5809690.0, 4591722.0 5811425.0, 4593574.0 5811252.0, 4594270.5 5815631.5, 4598473.0 5817056.0, 4597705.5 5811750.0, 4593285.0 5816591.0, 4594213.5 5814178.0, 4597666.0 5816063.0, 4594028.0 5809483.5, 4599006.0 5815269.5, 4598684.0 5813481.5, 4597064.0 5815688.0, 4600882.0 5817356.0, 4600500.0 5815350.0, 4592903.0 5811372.5, 4594827.0 5817665.0, 4598621.0 5814241.0, 4593823.5 5813992.0, 4592425.0 5808916.0, 4596158.0 5807707.0, 4593750.5 5817010.0, 4598949.0 5815398.0, 4595541.0 5813718.0, 4595862.5 5807652.0, 4594035.0 5812849.0, 4593661.5 5816853.5, 4600916.0 5815404.5 , 4596223.458333333 5814224.618055556
4681731.0 5734278.5, 4679308.0 5742239.0, 4680753.5 5735604.0, 4674065.5 5737272.0, 4675359.0 5735776.0, 4679234.0 5741918.5, 4681787.0 5735561.0 , 4678891.142857143 5737521.285714285
4597741.5 5824809.5, 4593521.5 5821884.0, 4590719.0 5824045.0, 4596538.0 5819073.5, 4591722.0 5820350.5, 4595040.5 5820249.0, 4592972.0 5822020.5, 4598798.5 5818932.5, 4595999.5 5819322.5, 4595925.0 5822953.5, 4593053.5 5824388.5, 4591921.5 5824900.5, 4600493.0 5820351.0, 4592136.0 5821715.0, 4596178.0 5822484.0, 4598669.0 5820727.0, 4595934.5 5823469.5, 4595331.5 5820435.0, 4593999.5 5821291.5, 4594881.0 5819196.0, 4600195.0 5819890.0, 4600377.5 5821066.0, 4599157.0 5820271.5, 4598808.5 5822002.0, 4595790.5 5823518.0, 4598699.0 5821574.0, 4598637.5 5821806.0, 4598767.0 5821110.0, 4596598.5 5820578.5, 4594866.5 5818841.0, 4594039.5 5824199.0, 4597984.5 5822277.0, 4596419.0 5819360.0, 4593340.5 5821668.0, 4599070.5 5825114.0, 4593512.0 5825697.0, 4593002.5 5826070.5, 4595347.0 5822778.5, 4599377.5 5821756.5, 4598291.0 5821367.0, 4599113.0 5818616.0, 4595915.5 5824128.0, 4592148.0 5823392.5, 4594265.5 5823149.5, 4596389.5 5819373.0, 4598196.0 5819609.0, 4596308.0 5824655.0, 4595288.5 5822584.5, 4597594.5 5821227.0, 4595791.5 5818689.5, 4594639.5 5822228.5, 4597729.0 5824098.0, 4596637.5 5819283.5, 4595790.0 5821502.0, 4595241.0 5820689.0, 4592159.0 5822245.0, 4599076.0 5822336.5, 4595306.0 5821300.0, 4596649.0 5825620.0, 4595982.0 5821237.5, 4599696.0 5819185.5, 4590994.0 5823156.0, 4596153.5 5821777.0, 4594476.0 5825049.0, 4596646.0 5818828.0, 4593916.5 5824144.0, 4596907.0 5825324.0, 4599071.0 5820957.0, 4595292.5 5822087.5, 4594277.0 5818342.0, 4598558.0 5822566.0, 4599663.0 5819540.0, 4599579.5 5820408.5, 4597659.0 5822806.0, 4592913.0 5822296.0, 4595992.0 5824875.0, 4593812.0 5822579.0, 4598861.0 5824123.5, 4597034.0 5825778.5, 4595353.0 5822052.5, 4599849.5 5821821.0, 4597190.0 5822275.0, 4593186.5 5820753.0, 4597764.0 5820155.5, 4599216.0 5818746.0, 4593020.0 5822287.5, 4596763.5 5822618.0, 4591852.0 5820467.0, 4598761.5 5822107.5, 4589995.0 5822958.0, 4596673.5 5820097.0, 4599930.0 5819810.5, 4595479.5 5822752.5, 4590626.0 5821751.0, 4594411.5 5819379.0, 4593040.0 5824079.5, 4592795.5 5825767.0, 4593074.5 5824450.5, 4591521.0 5822817.0, 4591262.0 5822512.0, 4597069.0 5825573.5, 4596271.0 5822654.5, 4595879.5 5822378.5, 4599658.0 5822229.5, 4593841.0 5819289.0, 4597515.5 5820454.5, 4597403.0 5821719.0, 4592969.5 5821917.5, 4592972.0 5824791.0, 4600106.5 5822118.5, 4593592.0 5820846.5, 4591931.0 5822646.0, 4596943.0 5821259.0, 4599107.0 5821824.5, 4592903.0 5821908.0, 4590401.0 5822395.0, 4597139.0 5821855.0, 4594344.0 5819770.0, 4596295.0 5819710.0, 4593135.5 5822048.5, 4593610.0 5821088.0, 4594356.0 5821525.5, 4598086.0 5819964.5, 4594412.0 5822980.0, 4596960.0 5822997.5, 4596150.0 5824412.5, 4598949.5 5822860.5, 4594618.5 5821113.5, 4594256.0 5820039.0, 4590980.0 5823035.5, 459446